0.00300000 1.00000000
0.00466935 0.28052092
0.00633871 0.03650746
0.00800806 0.04412397
0.00967742 0.05056238
0.01134677 0.02675121
0.01301613 0.01362522
0.01468548 0.01016330
0.01635484 0.00645394
0.01802419 0.00434454
0.01969355 0.00388152
0.02136290 0.00287391
0.02303226 0.00177891
0.02470161 0.00141115
0.02637097 0.00134585
0.02804032 0.00120028
0.02970968 0.00107923
0.03137903 0.00104959
0.03304839 0.00100654
0.03471774 0.00093699
0.03638710 0.00094762
0.03805645 0.00100718
0.03972581 0.00098240
0.04139516 0.00092121
0.04306452 0.00092792
0.04473387 0.00093645
0.04640323 0.00090919
0.04807258 0.00090316
0.04974194 0.00087993
0.05141129 0.00081257
0.05308065 0.00077813
0.05475000 0.00077574
0.05641935 0.00074556
0.05808871 0.00070582
0.05975806 0.00068135
0.06142742 0.00065745
0.06309677 0.00063680
0.06476613 0.00062444
0.06643548 0.00060836
0.06810484 0.00058865
0.06977419 0.00057554
0.07144355 0.00056917
0.07311290 0.00056239
0.07478226 0.00055217
0.07645161 0.00054238
0.07812097 0.00053633
0.07979032 0.00053205
0.08145968 0.00052710
0.08312903 0.00052016
0.08479839 0.00051061
0.08646774 0.00050244
0.08813710 0.00049842
0.08980645 0.00049321
0.09147581 0.00048497
0.09314516 0.00047865
0.09481452 0.00047307
0.09648387 0.00046554
0.09815323 0.00045896
0.09982258 0.00045225
0.10149194 0.00044339
0.10316129 0.00043634
0.10483065 0.00043126
0.10650000 0.00042457
0.10816935 0.00041773
0.10983871 0.00041219
