0.00300000 1.00000000
0.00499038 0.45566961
0.00698077 0.11376823
0.00897115 0.01669965
0.01096154 0.02513803
0.01295192 0.02920453
0.01494231 0.01631848
0.01693269 0.00667100
0.01892308 0.00406702
0.02091346 0.00291992
0.02290385 0.00171368
0.02489423 0.00112836
0.02688462 0.00086579
0.02887500 0.00063116
0.03086538 0.00052704
0.03285577 0.00051604
0.03484615 0.00050728
0.03683654 0.00050643
0.03882692 0.00051014
0.04081731 0.00050416
0.04280769 0.00049414
0.04479808 0.00048088
0.04678846 0.00046769
0.04877885 0.00046156
0.05076923 0.00045878
0.05275962 0.00045735
0.05475000 0.00045814
0.05674038 0.00045488
0.05873077 0.00044730
0.06072115 0.00044267
0.06271154 0.00043985
0.06470192 0.00043484
0.06669231 0.00042998
0.06868269 0.00042536
0.07067308 0.00041788
0.07266346 0.00040899
0.07465385 0.00040228
0.07664423 0.00039897
0.07863462 0.00039781
0.08062500 0.00039572
0.08261538 0.00039163
0.08460577 0.00038776
0.08659615 0.00038388
0.08858654 0.00037749
0.09057692 0.00036962
0.09256731 0.00036271
0.09455769 0.00035628
0.09654808 0.00034953
0.09853846 0.00034292
0.10052885 0.00033645
0.10251923 0.00033000
0.10450962 0.00032391
0.10650000 0.00031816
0.10849038 0.00031297
