0.00300000 1.00000000
0.00499038 0.62860837
0.00698077 0.29286080
0.00897115 0.08794951
0.01096154 0.01283442
0.01295192 0.00922365
0.01494231 0.02060738
0.01693269 0.02223063
0.01892308 0.01515695
0.02091346 0.00756345
0.02290385 0.00359483
0.02489423 0.00273697
0.02688462 0.00306725
0.02887500 0.00332291
0.03086538 0.00315836
0.03285577 0.00272944
0.03484615 0.00232450
0.03683654 0.00213971
0.03882692 0.00216551
0.04081731 0.00223291
0.04280769 0.00220117
0.04479808 0.00209146
0.04678846 0.00200903
0.04877885 0.00197663
0.05076923 0.00191666
0.05275962 0.00178347
0.05475000 0.00163307
0.05674038 0.00154078
0.05873077 0.00150692
0.06072115 0.00147666
0.06271154 0.00141897
0.06470192 0.00135190
0.06669231 0.00130469
0.06868269 0.00128311
0.07067308 0.00127208
0.07266346 0.00125578
0.07465385 0.00122974
0.07664423 0.00120041
0.07863462 0.00117757
0.08062500 0.00116542
0.08261538 0.00115872
0.08460577 0.00114806
0.08659615 0.00112951
0.08858654 0.00110765
0.09057692 0.00108825
0.09256731 0.00107019
0.09455769 0.00104754
0.09654808 0.00101857
0.09853846 0.00098931
0.10052885 0.00096721
