0.00300000 1.00000000
0.00499038 0.53337465
0.00698077 0.18246726
0.00897115 0.02864086
0.01096154 0.00432283
0.01295192 0.01404882
0.01494231 0.01467997
0.01693269 0.00773015
0.01892308 0.00256426
0.02091346 0.00097936
0.02290385 0.00090971
0.02489423 0.00100394
0.02688462 0.00099354
0.02887500 0.00090791
0.03086538 0.00079534
0.03285577 0.00072709
0.03484615 0.00074520
0.03683654 0.00078591
0.03882692 0.00076505
0.04081731 0.00070466
0.04280769 0.00066846
0.04479808 0.00065234
0.04678846 0.00062855
0.04877885 0.00060510
0.05076923 0.00058960
0.05275962 0.00057399
0.05475000 0.00056341
0.05674038 0.00056351
0.05873077 0.00056076
0.06072115 0.00054932
0.06271154 0.00054315
0.06470192 0.00054635
0.06669231 0.00054517
0.06868269 0.00053328
0.07067308 0.00051922
0.07266346 0.00050996
0.07465385 0.00050363
0.07664423 0.00049649
0.07863462 0.00048829
0.08062500 0.00048103
0.08261538 0.00047611
0.08460577 0.00047285
0.08659615 0.00046858
0.08858654 0.00046075
0.09057692 0.00045010
0.09256731 0.00044026
0.09455769 0.00043351
0.09654808 0.00042876
0.09853846 0.00042387
0.10052885 0.00041750
0.10251923 0.00040901
0.10450962 0.00039916
0.10650000 0.00038997
0.10849038 0.00038243
