0.020410257544622213 1.0
0.022940668042889495 0.7576115231749255
0.02578479223515318 0.5671796064909722
0.028981523526996376 0.5015743347583518
0.032574577226988304 0.4336511557979952
0.03661308835364033 0.35585694802293455
0.04115228355690959 0.2957634955925428
0.046254236342778025 0.25407587553712546
0.05198871592860476 0.20988851970960468
0.05843414133735171 0.17355621616371777
0.06567865377792258 0.14219429232463063
0.07382132197641904 0.11347737590940463
0.08297349694122354 0.0873294419079051
0.09326033468832196 0.0635491940512619
0.10482250775014267 0.04405117918192429
0.11781812887279489 0.028921993870143804
0.1324249132082764 0.020085427810590334
0.14884260856962916 0.01719344953238221
0.16729572698279266 0.0034182182685131867
0.18803661488913184 0.0006546313986405409
0.21134890398366474 0.00013826752756063902
0.2375513898792168 4.670587013489676e-05
0.2670023916372395 4.5359618482095925e-05
0.3001046517818875 5.787673662281269e-05
0.33731084380506554 7.606215606615698e-05
0.3791297624775856 0.00010397561817687508
0.42613328161895214 6.161511499319206e-05
0.478964174473305 2.5763633820390673e-05
0.5383449036351737 1.7740200861384867e-05
0.6050875007272939 1.2140409830163567e-05
0.6801046709351294 5.292750710981358e-06
0.7644222742525998 1.943898326228806e-06
0.8591933541201258 2.082906704605157e-06
0.9657139052966038 1.4825187220858344e-06
1.0854405965910565 9.95617532104156e-07
1.2200106908122945 4.923183825113384e-07
1.3712644343420117 3.661134526562469e-07
1.5412702225087498 2.653849628956019e-07
1.7323528848992849 1.6275051766698007e-07
1.9471254774091606 1.2355472694427814e-07
2.1885250157887284 8.221993485504154e-08
2.4598526393410096 5.706522976657722e-08
2.7648187540101072 4.053005668014333e-08
3.107593772191923 3.143939396735678e-08
3.49286514313435 2.4110077529892562e-08
3.9259014538176427 1.861674867488063e-08
4.412624476894857 1.4572368655490258e-08
4.95969015094795 1.1532782716821209e-08
5.574579600464887 9.694093086325896e-09
6.265701440236079 8.493199181604091e-09
7.042506763183091 7.218962348347371e-09
7.91561838407845 6.519196186598632e-09
8.896976106564772 5.8528639102642146e-09
10.0 5.431233385545848e-09
0.020410257544622213 1.0
0.022940668042889495 0.769869777514467
0.02578479223515318 0.5881401163445854
0.028981523526996376 0.5335893390935644
0.032574577226988304 0.47646228609332564
0.03661308835364033 0.4073379062670013
0.04115228355690959 0.35648675394744866
0.046254236342778025 0.3269435048067624
0.05198871592860476 0.2933908150321584
0.05843414133735171 0.269422252651735
0.06567865377792258 0.25232998658418665
0.07382132197641904 0.23838992713898796
0.08297349694122354 0.22772167439335814
0.09326033468832196 0.21851180715631524
0.10482250775014267 0.21566061304023124
0.11781812887279489 0.223201371181379
0.1324249132082764 0.27933354514654823
0.14884260856962916 0.49147797026003265
0.16729572698279266 0.22834394127293928
0.18803661488913184 0.12729425167518438
0.21134890398366474 0.08878242117344243
0.2375513898792168 0.0714980313058279
0.2670023916372395 0.0606211767333114
0.3001046517818875 0.030515297057085184
0.33731084380506554 0.01282071114001292
0.3791297624775856 0.007749548848512325
0.42613328161895214 0.0035182322751461676
0.478964174473305 0.001674436119154802
0.5383449036351737 0.0011859722036192874
0.6050875007272939 0.0008329854580681642
0.6801046709351294 0.000679296845604605
0.7644222742525998 0.0004729732208944952
0.8591933541201258 0.00024297733887016453
0.9657139052966038 0.00012310350312529726
1.0854405965910565 8.496535473144238e-05
1.2200106908122945 6.765652007554904e-05
1.3712644343420117 4.0033973729887135e-05
1.5412702225087498 2.3381577698244184e-05
1.7323528848992849 1.8446732695811086e-05
1.9471254774091606 1.1644210637514621e-05
2.1885250157887284 7.895755013020408e-06
2.4598526393410096 5.028601898476191e-06
2.7648187540101072 3.6065013977102934e-06
3.107593772191923 2.5565271128709156e-06
3.49286514313435 1.863873841611457e-06
3.9259014538176427 1.4060257750670894e-06
4.412624476894857 1.0190765292848546e-06
4.95969015094795 7.599002537564549e-07
5.574579600464887 5.954572560936937e-07
6.265701440236079 4.89491875775169e-07
7.042506763183091 3.917296056721186e-07
7.91561838407845 3.3421205276952007e-07
8.896976106564772 2.8268257074362504e-07
10.0 2.5253762776085373e-07
0.020410257544622213 1.0
0.022940668042889495 0.7522883397337231
0.02578479223515318 0.5581780604562927
0.028981523526996376 0.488017842405622
0.032574577226988304 0.41584529199471215
0.03661308835364033 0.3349310764146729
0.04115228355690959 0.2717930053574202
0.046254236342778025 0.22637266073243206
0.05198871592860476 0.17964102331960397
0.05843414133735171 0.140935778120845
0.06567865377792258 0.10766084287553211
0.07382132197641904 0.07826459210983251
0.08297349694122354 0.052978949993332414
0.09326033468832196 0.032192338876546295
0.10482250775014267 0.017186053377510065
0.11781812887279489 0.007565282372050155
0.1324249132082764 0.0026940617115665303
0.14884260856962916 0.0006930944551879856
0.16729572698279266 1.773380124617711e-05
0.18803661488913184 1.6188958531719937e-05
0.21134890398366474 0.00010960244305374652
0.2375513898792168 0.0002467086914462258
0.2670023916372395 0.00024050759672651783
0.3001046517818875 6.396425799409614e-05
0.33731084380506554 6.607619484430868e-06
0.3791297624775856 1.3243138412314067e-06
0.42613328161895214 5.351870380559216e-07
0.478964174473305 1.325112276440403e-07
0.5383449036351737 8.570495223250866e-08
0.6050875007272939 5.412921350601012e-08
0.6801046709351294 3.311199941158539e-08
0.7644222742525998 5.520207071159871e-08
0.8591933541201258 1.0582822339241295e-08
0.9657139052966038 5.730261548921161e-09
1.0854405965910565 4.746631292842403e-09
1.2200106908122945 5.193755170999481e-09
1.3712644343420117 4.244339444478493e-09
1.5412702225087498 3.476905823508049e-09
1.7323528848992849 3.574931873505346e-09
1.9471254774091606 3.421221916739218e-09
2.1885250157887284 3.364816890432222e-09
2.4598526393410096 3.1876364405525366e-09
2.7648187540101072 3.2607114523367915e-09
3.107593772191923 3.272758775563736e-09
3.49286514313435 3.203094379733642e-09
3.9259014538176427 3.16917569191438e-09
4.412624476894857 3.2217871531556537e-09
4.95969015094795 3.138967692270673e-09
5.574579600464887 3.1555482557882536e-09
6.265701440236079 3.122213804948499e-09
7.042506763183091 3.1235590505038725e-09
7.91561838407845 3.1845865170799266e-09
8.896976106564772 3.1676399133453407e-09
10.0 3.1476717928505e-09
