2.354150000000000166e-03 1.000000999999998141e+00
2.615230000000000072e-03 9.453046630467263345e-01
2.757429999999999951e-03 9.151551689573635961e-01
3.027870000000000214e-03 8.578080342119824842e-01
3.240040000000000021e-03 8.133467381693794129e-01
3.567760000000000115e-03 7.466439259766355363e-01
3.970310000000000332e-03 6.696266431517673423e-01
4.358869999999999932e-03 6.018772919430254165e-01
4.842540000000000212e-03 5.277884732140077917e-01
5.282109999999999583e-03 4.704974895360124476e-01
5.849680000000000331e-03 4.096419790267191718e-01
6.405710000000000223e-03 3.621782221320881123e-01
7.055679999999999938e-03 3.183216793286605673e-01
7.612039999999999605e-03 2.878996669163564892e-01
8.331180000000000530e-03 2.551236169323003455e-01
8.988120000000000484e-03 2.296907318492435457e-01
9.831950000000000758e-03 2.017887528434659239e-01
1.050712999999999994e-02 1.827889190508579231e-01
1.149687999999999925e-02 1.596163750976201112e-01
1.217543999999999918e-02 1.464219970912782331e-01
1.325739000000000084e-02 1.287179632606588187e-01
1.406143999999999970e-02 1.174428865969682767e-01
1.537295999999999975e-02 1.014014322931109241e-01
1.682122999999999952e-02 8.629794413373420570e-02
1.833643000000000078e-02 7.298247871122641450e-02
1.986210000000000059e-02 6.204341158494670189e-02
2.144965999999999887e-02 5.299069019669819247e-02
2.302865000000000120e-02 4.534523913882443358e-02
2.481726999999999891e-02 3.749121418610230905e-02
2.639131999999999936e-02 3.149207943194122505e-02
2.823907999999999974e-02 2.567786790714134126e-02
3.021621999999999850e-02 2.050526353633511795e-02
3.213270000000000015e-02 1.632142737467749335e-02
3.462842000000000003e-02 1.211237752790131003e-02
3.712913000000000324e-02 9.013242419126489893e-03
4.006200000000000039e-02 6.396631445136116180e-03
4.386977000000000237e-02 4.145537292482096188e-03
4.645904000000000006e-02 3.120237901115014301e-03
5.083536999999999778e-02 2.069660691507824168e-03
5.323275000000000229e-02 1.704939371125727739e-03
5.841920999999999919e-02 1.213007538386485454e-03
6.395568999999999560e-02 9.106168058105862774e-04
7.077740999999999894e-02 6.481448331129729436e-04
7.881180999999999603e-02 4.502592624341885297e-04
8.775824999999999598e-02 3.123569309952942195e-04
9.772026000000000323e-02 2.236186307297320327e-04
1.088131100000000046e-01 1.576602929159990512e-04
1.211651900000000059e-01 1.094978759636809163e-04
1.346057999999999977e-01 7.468277560489807018e-05
